Fri Feb 28 2025 12:06:52 GMT-0500 (Eastern Standard Time) - Run Time: 3348ms

Cross Tabulation Query Form - Trip - 2022

Row: 2006 GTA zone of origin - gta06_orig
Column: 2006 GTA zone of destination - gta06_dest


Filters:
(Regional municipality of destination - region_dest In 1
and
2022 Trip purpose of destination - purp_dest2022 In 46
and
Primary travel mode of trip - mode_prime In B, G, J, )

Trip 2022
ROW : gta06_orig
COLUMN : gta06_dest
  gta06_orig  gta06_dest      total
           1          54          4
           1         270         19
           5         277          3
           6          59          4
          14          55         15
          14          85         17
          15          73         20
          15          93         23
          15         205         18
          15         268          7
          16          36         17
          16          43         12
          16          75          3
          17          66         16
          17         108         76
          17         203         23
          18          39         12
          18          59          6
          18          64         39
          18         100         39
          18         114          3
          19         255          3
          19         279         46
          19         442         16
          20          66          8
          20          81          6
          20         107         18
          20         165         14
          20         534         14
          21          14         32
          21          45         13
          21          46         39
          21          52         20
          21          55          9
          21          66          9
          21          67         90
          21          73         45
          21          76         11
          21          93         38
          21         120         52
          21         173         17
          21         175         13
          21         271         11
          21         278         77
          21         463          5
          22           6         26
          22          40         81
          22          43         38
          22          48         20
          22          65         17
          22          67         22
          22          71         26
          22          72         25
          22          89         39
          22         264         31
          22         279         17
          23          43         48
          23         542         23
          24          72         83
          25          14         13
          25          17         16
          25          43         42
          25          63         12
          25          77          6
          25         120         16
          25         166         14
          26          65         15
          26          67         11
          26          70          7
          26          73         15
          26          90         10
          26          96          3
          26         164         24
          26         243          4
          29          15         16
          29          65         16
          29         277         39
          30          81        102
          32          39          4
          33          45         36
          34           1          4
          34          46         34
          34          70         24
          34          76         13
          34         120         23
          34         186         17
          34         391         10
          35          46         29
          35          67         56
          35          70          7
          35          72         32
          36          70         20
          36          76         19
          36          89         13
          36         100         19
          36         268          7
          37          69         51
          37          77         40
          37          89         59
          37         270         23
          37         534         11
          38          59         98
          38          73         19
          38          96         15
          38         268         28
          38         280         12
          39         165         15
          40          70         14
          40         105         42
          40         191         24
          40         251         19
          40         265         15
          40         278         40
          41          24         23
          41          60         15
          41          63         15
          41          77         21
          41         124         38
          41         277          6
          41         279         35
          41         280         11
          42          36         24
          42          59         40
          42          66         53
          42          71         10
          42          96         95
          42         186         15
          42         271         30
          42         277         19
          42         279         65
          42         298         10
          43          37         25
          43          38         16
          43          62         18
          43          64          4
          43          73          3
          44          37         18
          44          55          3
          44          57          3
          44          72         13
          45          40         41
          45          64         14
          45          69        130
          45         191          5
          45         202         17
          45         204          5
          45         273         21
          46          63          6
          46         179         29
          46         205         13
          46         211         27
          46         278         32
          46         537         31
          47          61         33
          47          65          6
          47          72         73
          47          76         21
          48          15        125
          48          70         22
          49          66         35
          49          98        173
          50          17         13
          50          44         25
          50          46         21
          50          55         14
          50          65         25
          50          68         12
          50          99         39
          50         170         22
          50         203         17
          50         264         36
          51          65         11
          51          66         23
          51          81         26
          51         163         12
          51         209         24
          51         210        106
          51         317         18
          52         559         15
          53          58          4
          54          38         14
          54          46         31
          54          67         24
          54          71          3
          54          72          3
          54         120         11
          54         169         24
          54         196         40
          54         278         31
          55          66         21
          55          90         52
          55          97         21
          55          98          4
          55         197         34
          55         205          8
          55         268          3
          55         442         14
          55         532         11
          56          38        138
          56          66         55
          56          86         19
          56         204         13
          56         279         19
          56         313         10
          57          43         15
          57          45         14
          57          71         24
          57          77          3
          57          80          4
          57         147          6
          57         211         26
          58          48          3
          58          50          4
          58          52          5
          58          53          4
          58          66         12
          58         120          4
          58         285          5
          60          74         11
          60          85         29
          60         275          3
          60         355          4
          61          46          7
          61          81          3
          61          85         12
          61         271         11
          62          14         15
          62          43         16
          62          45         16
          62          66         42
          62          89          6
          62         127          9
          63          70          4
          64          46         19
          64          73         11
          64          81         14
          64         308          4
          64         394          7
          64         440         19
          65          37         57
          65          45         24
          65          59          4
          65          62         20
          65          71         54
          65          89         22
          65         147         29
          65         203         13
          65         204          4
          65         307         75
          66          25         39
          66          43          9
          66          50         52
          66          57         19
          66          89         39
          66         110          6
          66         112         19
          66         278         37
          66         363          4
          67          62          8
          67         243         79
          68          16         48
          68          36         14
          68          41         16
          68          52         14
          68          58          8
          68         115          6
          68         186          9
          68         196         19
          68         211         83
          68         224         21
          68         253          4
          68         481        156
          69          18         76
          69          66          3
          69          89         23
          70          36          5
          70          66         50
          70          68          5
          70         103         14
          70         119         17
          71          35          9
          71          43         19
          71          45         38
          71          55         10
          71          59         29
          71          62         11
          71          65         22
          71          66         24
          71          73          5
          71          78         14
          71          85         14
          71         107         24
          71         120         54
          71         144          4
          71         251         26
          71         287         28
          71         312         25
          71         538         22
          72          19         18
          72          51          4
          72          66          9
          72         204          8
          72         214          4
          72         308         16
          72         443         22
          73          38         28
          73          76         19
          73          80         46
          73          95          6
          73         101         88
          73         115         11
          73         266          4
          73         528          3
          74          34          4
          74          37          4
          74          63          4
          74          65         51
          74          69          6
          74          72         80
          74         101        105
          74         125         34
          75          39        105
          75          40          6
          75         186         32
          75         268         22
          76          15         18
          76          45         26
          76          70          4
          77          14         37
          77          48          5
          77          59         34
          77          70         34
          77          73          5
          77          96         29
          77          99         31
          77         120         25
          77         320         10
          77         441         35
          78          20          5
          78          66         69
          79          23        117
          79          42         92
          79          52         40
          79          56         26
          79          66         40
          79          68         35
          80          55          4
          80          57          4
          80          70        107
          80          94          5
          80         272          6
          81          77          5
          81         270          5
          82          47         20
          82          73          3
          84          55         26
          84          61         15
          84          65         32
          84          75         28
          84          93         25
          84          95         20
          88          72          4
          88          89         18
          89          34         58
          89          58         20
          89          60          3
          89          63          8
          89          64         63
          89          66         97
          89          73         47
          89          75         26
          89          95         28
          89          96         17
          89          97         23
          89         103          6
          89         110         25
          89         452         23
          90          25         15
          90          36         20
          90          37          3
          90          45         30
          90          48         21
          90          52        213
          90          55         17
          90          62          3
          90          66         21
          90          68         14
          90          70          4
          90          74         25
          90         253         15
          91          59          8
          91         214          5
          93          37         75
          93          48         84
          93          67         38
          93          69        164
          93          89          4
          93         120          7
          93         146          7
          93         259          3
          93         279         33
          94          76          9
          94          80          5
          94          85         13
          94          90          8
          94         391         35
          95          38         73
          95          76         19
          95         421         71
          96         283          4
          98          67         38
          99          14         37
          99          42         26
          99          45         16
          99          67         40
          99          70         86
          99          76         19
          99         129         63
          99         165         40
         100          55         19
         101           1          4
         101          38        119
         101          45        107
         101          89         12
         101         110          6
         101         125         92
         101         165          4
         101         204          8
         101         277          4
         102          37          7
         102          64          4
         102          73         17
         102          94         79
         102         108          4
         103          59          3
         103          65          6
         103          76         26
         103         124          9
         103         264          3
         104          20         12
         104          22         92
         104          37          6
         104          48          8
         104          52          9
         104          73         13
         104          94          9
         104         120         92
         105          15         26
         105          43          4
         105          59         30
         105          66          8
         105          70        234
         105          72         29
         105          89         19
         105         116         61
         105         124         26
         106          35          8
         106          58         16
         106          61          5
         106          73          4
         107          46          4
         107          66          4
         107         490         10
         108          66         41
         108         120        115
         109          45          5
         109          55          5
         109          73          8
         109          94         27
         109          98          5
         110          38         20
         110          73          5
         110         113          5
         110         120         14
         113          22         25
         113          55          3
         113          66          5
         113          89          4
         113          98          3
         113         107          6
         113         108         33
         113         165          6
         113         201          9
         113         257          6
         113         290         78
         114          15          6
         114          37         29
         114          59          7
         114          66         34
         115          45         55
         115          67         19
         115          70          7
         115         186          8
         115         279          6
         116          25         44
         116          29         58
         116          44         51
         116          45          5
         116          55         30
         116          66         54
         116          73         14
         116         101         11
         116         146         33
         116         271         15
         116         272          4
         116         289         47
         116         313         33
         116         393          3
         117          34         24
         117          47         14
         117          73         14
         117          76         14
         117         146         14
         118          40         16
         118          58          3
         118          59          8
         118          63         18
         118          72         15
         118         443         20
         119          45         31
         119          70        107
         119         108         31
         119         125         19
         119         264         71
         119         546         42
         120          59         40
         120          98          3
         120         124         30
         120         146         21
         122          65         19
         122         117          7
         122         206          7
         122         299         11
         123          73         55
         123         270         26
         124          38          6
         124          39         32
         124          59          5
         124          65          5
         124          67         19
         124         119          5
         124         313         27
         124         391         44
         125          35          7
         125          64          4
         125          66         60
         125          67          4
         125          72         17
         125          73         16
         125          97         14
         125         134         14
         125         272          7
         125         319         13
         125         335         14
         126           1          9
         126          42          6
         126          76          5
         126         391          7
         127          65          5
         127          74         18
         127          90         10
         127         287         17
         127         299          5
         128         250         11
         129          70         40
         129         123          5
         129         315          9
         130          65         29
         130          67         32
         130         129         60
         132          59         27
         133         149         31
         133         414          4
         134          34         10
         134         442          5
         135         182          5
         137         189         43
         138         133         56
         139         270         10
         140          67          6
         142         118         22
         145          69         10
         145         188          5
         147         127          4
         148          73          8
         148          96          3
         148         165         96
         148         171          8
         148         186         14
         149          43        133
         150         149         12
         150         165         14
         150         172         36
         151         191         34
         152         132         10
         152         139         38
         154         415         33
         159         106         20
         161         104         14
         161         211         10
         161         264         12
         162         170         14
         163         204          5
         164          63          4
         164          72          4
         164          73          9
         164         278         37
         165          26         26
         165          46         39
         165         114          8
         165         201          8
         165         204          4
         165         251         15
         166         105          5
         167         314         14
         168         146         19
         168         273         18
         169          42         72
         169          48          4
         169          55          9
         169          70          5
         169          99         37
         169         147         35
         169         200          4
         169         211         13
         169         251         15
         170          37         21
         170          46         23
         170          49          5
         170          65          5
         170          72          5
         171         165         35
         171         175         16
         171         187         16
         171         393         40
         172          57         27
         172          65         11
         172         147         15
         172         165         15
         172         197         12
         173          38         18
         173          43         34
         173          63         12
         173          70         84
         173          71         18
         173          93         40
         173         165         56
         173         170         77
         173         171         15
         173         180         10
         173         204          7
         173         228         20
         173         251         12
         173         360         18
         174          48         22
         174          59         32
         175          97          9
         176          24          5
         176          46         18
         176         105         27
         176         162          7
         177          47         25
         177          66         19
         177          73         39
         177          75         11
         177         149         42
         177         183         13
         177         274         28
         177         488         67
         178          64        144
         178         192        144
         178         211        144
         178         267         13
         178         391         25
         179         108         50
         179         180         81
         180          46          8
         180          59        128
         180          76         22
         180         443         17
         181          64         46
         181          67         30
         181         170         23
         182          36         28
         182          48         26
         182          50         29
         182          98         20
         183          68         35
         183         200         12
         184          69          8
         184         120         47
         185          51         35
         185          59         48
         185          66          9
         185          73         25
         185          98         22
         185         149         14
         185         169          7
         185         173         17
         185         272         16
         186          16         38
         186          46         19
         186          66         60
         186          69         17
         187         421         21
         187         481         25
         188          48         19
         188          69         27
         188          99         30
         188         211         38
         190          42         12
         190          65          7
         190         443         19
         191          50         90
         191          70         34
         191          93         75
         192          65          6
         192         443         49
         193          48          8
         193         270         30
         194          59         21
         194          66          7
         194          67         12
         194         189         18
         195          65         30
         195         228         18
         196          17         16
         196          37         49
         196          46         35
         196          55         23
         196          59          7
         196          65          8
         196          66        133
         197          55         26
         197          73         19
         197          76         12
         197         204          5
         198          69          5
         200          43         56
         201          25         54
         201          39         39
         201          66         20
         201          69         32
         201         211         70
         201         268         55
         202          37          4
         202          42         41
         202          55         18
         202          74         19
         202         169          5
         202         227         18
         202         271          9
         203          37         33
         203          51         24
         203          57         24
         203          66          5
         203          70         11
         203         101         85
         203         195         22
         203         221         27
         203         227         51
         203         269         22
         204          15          5
         204          44         12
         204          48         14
         204          50         53
         204          59         21
         204          66        134
         204         169         37
         204         211         50
         204         279         24
         204         317         14
         205          48          7
         205          54          9
         205          63         10
         205          64         21
         205          67         16
         205          70         12
         205         278          5
         206          55          8
         206          66         20
         206          85         98
         207          37          5
         207          73         11
         209          21         35
         209          43         12
         209          46         11
         209          48         42
         209          50         12
         209          59         17
         209          64         52
         209          69         26
         209          72         13
         209          96         21
         209         205         29
         209         264         30
         209         272         20
         209         279         51
         210          37         28
         210          38         30
         210          42         19
         210          48         10
         210          58         21
         210          59         54
         210          64         87
         210          65         22
         210          67         13
         210          70          5
         210         186         27
         210         195         14
         210         220         26
         210         225         29
         210         230         14
         210         275          8
         210         323         29
         211          35         23
         211          46         33
         211          48         24
         211          59         40
         211          61         44
         211          62         31
         211          66         29
         211          69         40
         211          70         44
         211          72         79
         211          73         79
         211         107         32
         211         142         12
         211         204         14
         211         272         39
         211         414         63
         212          48         33
         212          66         23
         212         103         36
         212         194         27
         212         214         13
         212         223        106
         212         435         50
         214          59         21
         214          65         25
         214          66          6
         214         158          6
         214         211         12
         215          64         34
         215          66          9
         215         211         49
         216          37         25
         216          66         22
         216         201         17
         216         211         17
         216         258          5
         216         268          8
         217          16          9
         217          46          6
         217         204         74
         217         442         10
         218          38          8
         219          65         26
         219          70         41
         219         201         49
         220          65          6
         220         280         11
         222          71          5
         222         208         33
         222         242         80
         222         270         26
         222         536          9
         223          58        227
         227          66         38
         228          42         46
         228          59         45
         228          62         28
         228          66         10
         228          71         12
         229          65         31
         229         278         18
         229         499         18
         230         231         21
         233          62         43
         233         490         51
         233         532          5
         233         623        129
         234         481         20
         238          65          4
         239          15         21
         239          55         13
         239         225         13
         239         490        106
         239         566        102
         239         587         38
         241          70         30
         243         110         17
         243         244          5
         244         527         19
         247         528         47
         247         582         29
         249          43        115
         249          72          7
         249         249         84
         249         527        194
         249         541          7
         250           9         38
         250          37         43
         250          54         12
         250          67          4
         250          70         15
         250          72          7
         250         120          6
         250         216        151
         250         222         64
         250         250        133
         250         280          7
         250         452         14
         250         528         43
         251          46         10
         251          70         10
         251         103          3
         251         277          5
         252          22         16
         252          59         19
         252          69          5
         252         278          6
         252         540         24
         254          52          5
         255          21         12
         255          68          4
         255         220          9
         255         279         42
         255         490         11
         256          64          4
         257          24         15
         257          34         45
         257          39         13
         257          46         13
         257          66         26
         257          97         10
         257         114         59
         257         266         10
         257         283          9
         258          46         15
         258         251         13
         258         276          5
         258         278          4
         258         502          7
         259          36         45
         259          37         18
         259          93          8
         259         125          9
         263          43          9
         263          54          5
         263          55         13
         263          65         26
         263          69         14
         263         270          3
         264          22         11
         264          37         31
         264          45         20
         264          50         31
         264          55         14
         264          59          4
         264          64          3
         264          73         20
         264          74         10
         264         248         27
         264         253        111
         264         269         43
         265         205         69
         265         251          3
         265         270         23
         266          55         53
         266          58          6
         267          97          4
         267         187          4
         268          59         82
         268         282         44
         268         283         93
         269          36          3
         269         205         69
         269         542          4
         269         592         11
         270          69          8
         270          70        127
         270          73         10
         271          38         21
         271          55         24
         271          59         14
         271          64         31
         271          66         49
         272          48          4
         272         258          3
         273          11         21
         273          58          3
         273          66          3
         273         211          8
         273         270          3
         273         481          4
         274          40         27
         274          68         94
         275         112         12
         275         269          4
         275         538         56
         276          42         22
         276          70         13
         276         210         13
         276         211          8
         277          42         12
         277          46         47
         277          59          3
         277          67         40
         277          71          4
         277         180          5
         277         197         19
         278          25         14
         278          52         88
         278          70          7
         278          72          4
         278          92         23
         278         113          3
         278         275         37
         279          53         11
         280          66         20
         280         271          9
         281           7         86
         281          51         33
         281          59          7
         281          70         16
         281          88          4
         281         280         45
         282          37         29
         282          46         70
         282          66         39
         282          72         29
         282          73         26
         282         225         12
         282         534         14
         285          54         26
         285          58          9
         285          63         69
         285          64         12
         285          98         26
         286          98         22
         287          63          4
         287          67        123
         287         168          4
         287         296          9
         288          58         17
         288         290         10
         288         313         18
         289          67         50
         290         300        137
         290         542         17
         293         285         43
         293         307         13
         294          26          4
         294         110         78
         295          58          4
         295          64          5
         295          93          4
         295          98          4
         298          85          6
         301         255          5
         301         302          7
         301         313         17
         304         120         10
         304         300         89
         305          38          5
         305          66         18
         306          37         46
         306          64         33
         306         314         14
         308          64          4
         308         104         16
         308         323          9
         312          51         15
         312          59         36
         312          66          6
         312          68         18
         312          89        133
         312         186          9
         312         295         70
         313          47         17
         313          48         56
         313         113         22
         313         120         61
         313         206         14
         313         289         25
         314          66         16
         314         278         59
         314         302          9
         315          47         13
         315          70          6
         315         204          7
         316          59         36
         316         419          7
         317          37         13
         317          65         33
         317          67         16
         317          72         18
         317          73         16
         317          81         27
         317         126          6
         317         313          8
         318          33         28
         318          66         14
         319          37         14
         319          49         29
         319          70         10
         322          38         21
         322          73          8
         323         125          8
         323         308          9
         325          46          9
         325         307         11
         326          66         43
         329          66         11
         331         347          5
         334          55         32
         334         125         16
         334         314          7
         336          59         53
         336         342         20
         337          64         86
         337         290         45
         340          59          4
         341         209         14
         342          85         24
         342         129         28
         342         536         25
         345          37          9
         345         335        117
         347         331          5
         348          69         15
         348         313          4
         349          59         30
         349          66          6
         349         251          9
         350          66         16
         350         157         22
         351          63         41
         360          40        111
         363         423          7
         365          34          7
         365         120        120
         370         373          8
         371         115         20
         375          43          9
         383          37         41
         383          58        145
         385          78         50
         389          68          7
         390         443         28
         391          43          7
         391          45         42
         391          68         29
         391          70         11
         391          73         18
         391          94         35
         395         407         11
         396          34         14
         396          50         30
         397          63          7
         397         436         10
         398         189         23
         399         110         17
         400          92         69
         400         180         52
         400         490          9
         404         133          4
         407          59          5
         407         342          7
         407         395         11
         408         391         42
         409          55         21
         409         405         39
         413          37         19
         414          37        169
         416          21         21
         416         402         73
         420         121         35
         423          59         93
         423         180         19
         423         436         18
         425          72         18
         426          52         11
         427         443         18
         428          59         21
         428         180         10
         431          52        128
         431          65         25
         431          69         25
         431          73          5
         431         440         76
         435          52         60
         436         438        145
         437         204          5
         438          65         22
         438          66         43
         438          71         20
         439         431         61
         440         394         77
         441          55         14
         441          76         10
         442          67         11
         442         203         31
         443           2          5
         443         190         17
         443         211         20
         443         282         24
         443         483         11
         444          55         21
         444          58          7
         444          59         35
         444          66         18
         444          67         26
         444          70         46
         444         228         19
         446         443         10
         447         391         34
         447         490         66
         448         443         91
         450          37        104
         450          47          8
         450         120         26
         450         164         16
         450         394          6
         450         435         22
         450         473         52
         452          46         42
         452          58         22
         452          64         11
         452          65         24
         452          70         18
         452          76         41
         452         110         10
         452         116         24
         452         204         16
         452         214         39
         452         278          8
         453          43          7
         453         110          3
         454          25         12
         454          59         20
         454          63         62
         454          64         49
         454          65         26
         454          66         33
         454         443         20
         455          25          5
         455          47         16
         455          48         12
         455          55         19
         455         279         50
         456          69         10
         460         442         14
         461         444         91
         463          65         79
         463         452         72
         464          84         14
         464         222         15
         464         391         56
         466          72          8
         467          67          4
         467         397         16
         467         443         59
         467         464          9
         468         452         51
         470         463         85
         470         470         23
         474          66          8
         476          43         50
         476          73         65
         476         264         27
         477          89         10
         478          43          8
         478         464          9
         478         591         31
         480         509        107
         481          66         15
         481         279          4
         482          59          8
         482         225         61
         482         481         13
         482         581         13
         483         227         16
         483         264         15
         484         240          8
         484         282         21
         484         481        166
         485          25         25
         490           2         16
         490         120          7
         490         254          5
         490         400          9
         490         493         19
         491          62         19
         491         230         14
         493          62         34
         495          66          8
         495         276         21
         497         567          4
         500           2         54
         500         240         17
         500         532         15
         501          43         25
         502          87         11
         502         488         17
         502         564         17
         503          56         16
         509         490         53
         509         532         80
         512         554         23
         512         573         14
         514          52          7
         514         557         23
         518         537         16
         519          70         31
         519         552         14
         520         531         62
         521          59          6
         526         487         33
         528         268          5
         528         536         50
         531          66          5
         531         529         50
         532          66         28
         533         277          7
         535          70         16
         536          59        221
         536         532         17
         536         538         17
         536         552         11
         537         526         51
         538          14         14
         538          37         10
         538          48          4
         538          52        238
         538          67          9
         538          70          7
         538          71         22
         538         279         10
         539          64          7
         539         249          7
         539         251          5
         539         541          7
         539         591         27
         540          76         28
         540         541          5
         541         251          7
         541         295          4
         542          65          8
         542          75         44
         544          64          4
         544          87         22
         545         253        125
         546          41          4
         546          47         24
         547          37          4
         550          70         13
         551         579          6
         554          66         61
         555         566         34
         560          50         19
         560         267         27
         562         569         91
         562         613         56
         563         490         15
         568         279         22
         569          85         28
         570         564         14
         571         559         72
         572          57         10
         574         571        121
         575         394         45
         575         564         15
         578         360         23
         578         625        111
         579         490        121
         583         259          9
         585         490         45
         585         603         21
         587          57         18
         591         443         17
         591         542         22
         591         598         56
         592          55          4
         592          64         54
         592         102         14
         594          65          7
         594         212          9
         594         484         37
         595          59          4
         595         120         73
         595         487         10
         596         487          4
         597          64          8
         597         490         63
         600          45          4
         601         564         16
         602         511         14
         608          66         20
         612         623         79
         617         608          6
         618          59         14
         618          63         24
         619          37         27
         620         452         32
         621         490         66
        1034          43          3
        1040          51          4
        1043          36         10
        1043          58          5
        1046          66          5
        1046         202          5
        1050          64          4
        1052          86          8
        1076          64          6
        1084          65         10
        1085          64          7
        1088          58         11
        1096          37         14
        1125          67         14
        1131          72          4
        1134          65          8
        1179          70          6
        1180          58         15
        1185          45          4
        1188         180         23
        1202          66          6
        1203          55          5
        1207          63         14
        1210          66          3
        1217          58         88
        1217          64          9
        1220          66          5
        1238          66          5
        1264          34         17
        1318          68          4
        1318          69          4
        2081          66         21
        2084          52         46
        2084          58         97
        2084          59         97
        2086          59         20
        2098          59         42
        2121          43         44
        2122         203          4
        2122         391         16
        2124          65         18
        2124         444         21
        2125          26         28
        2142          64         15
        2145          66         10
        2223          64         32
        2242          55        117
        2244         444          5
        2248          34         14
        2256         360         11
        2353          65          8
        2368          59         19
        2384          34          7
        2387          69          6
        2426          42         10
        2429         623        103
        2433          43          4
        2448          58         13
        2451          64         25
        2554          58          4
        2554         196        120
        2554         268        120
        2557          34          4
        2562          58          7
        2562          59          4
        2562          66        291
        2615          70         38
        2619          64         12
        2622          38          7
        2708          85          6
        2710          65          7
        3345          64         11
        3348          64          3
        3349          58          6
        3356          59          7
        3368          70         51
        3418          68        109
        3447         391        127
        3491          65          4
        3517          59         14
        3614          86         20
        3628          59         60
        3631          65          5
        3635          59         38
        3641          65          6
        3642          45          4
        3642          58          5
        3642          70          4
        3643         161         10
        3644          58          4
        3644          59         11
        3647          64          7
        3649         186         47
        3650          63          7
        3650          67         29
        3655          58         20
        3655          64          5
        3655          81         16
        3662          86          9
        3669          37         11
        3674          59         60
        3679          52         36
        3681          67         14
        3690          58          7
        3710         313         13
        3812          53          5
        3816          73         22
        3816         106         13
        3838         312         44
        3841         279         17
        3867          99         34
        3877          38          5
        3877          64         11
        4001          59          4
        4003          64         13
        4012          64          8
        4014          58          5
        4017          58          8
        4020          72         14
        4025          67         36
        4035          59          9
        4052          38         28
        4052          58         76
        4052          85         10
        4052         201         19
        4059          59         17
        4059          64          6
        4069          59         45
        4071          58          4
        4077          58         12
        4077          59         13
        4077          85         11
        4080          15         25
        4084          64         16
        4110          65         10
        5086          73          5
        5093          66         46
        5144          58         18
        5158          59          6
        5159          64         16
        5168          67          8
        5180          38          4
        5196          59         10
        5200          66          4
        5201          58         46
        5205          61         13
        5212          81         10
        5235          51         11
        5238           9         11
        6044         228         20
        6054          58         17
        6068          59         10
        6113          64          5
        6168          64        135
        6352          58        103
        7028          64         31
        7094          86          3
        7134          58          3
        7141          66          8
        7144          67          4
        7254          58          3
        7296          21          4
        7313          64         40
        7315          65          5
        8069          37          3
        8152          58          4
        8527          85         30
        8570          37         51
        8592          58         29
        8621          70         12
        8711          15         64
        8816          66          8
        8851          66          8
        8854          59          6
        8915          63          4
        9002          37         21
        9003          58         19
        9012          64         39
        9998         283          4
