Fri Feb 28 2025 12:11:06 GMT-0500 (Eastern Standard Time) - Run Time: 3217ms

Cross Tabulation Query Form - Trip - 2022

Row: 2006 GTA zone of origin - gta06_orig
Column: 2006 GTA zone of destination - gta06_dest


Filters:
(Regional municipality of destination - region_dest In 1
and
2022 Trip purpose of destination - purp_dest2022 In 46
and
Primary travel mode of trip - mode_prime In W, )

Trip 2022
ROW : gta06_orig
COLUMN : gta06_dest
  gta06_orig  gta06_dest      total
           1           1         43
           1           2         11
           1          15          5
           1         253         19
           1         254         80
           1         255         29
           2          47         14
           7           7          8
          11           6         75
          11          15         11
          11          26         36
          14          14         82
          14          29         17
          15           9         59
          15          11         11
          15          14         60
          15          16         20
          15          25         11
          15          26         74
          15          34         64
          15          80         25
          15         254         15
          16          14         14
          16          16         38
          16          29          6
          16          37          5
          16          38         47
          16          47         15
          16          98         12
          16         271          6
          17          14         63
          17          16         15
          17          18          5
          17          19         13
          17          20         22
          17          29          5
          17          35         58
          17         269         27
          17         272         77
          18          14         41
          18          16          8
          18          18        157
          18          19         16
          18          20         12
          18          23         45
          18          52         16
          18         283         44
          19          14          3
          19          15          9
          19          19         56
          19          20         21
          19          21        101
          19          43          3
          19         205         13
          19         272         55
          20          19        100
          20          20         24
          20          21          9
          20          48          3
          20          52          6
          20          98          8
          21          19        126
          21          20         96
          21          21        173
          21          22         23
          21          36         21
          21          40          5
          21          42         26
          21          43         55
          21          45         11
          21          46         35
          21          48         63
          21          52         35
          21          66         28
          21          69         27
          21         205          5
          21         272         19
          21         283         39
          22          19         28
          22          20         39
          22          21        156
          22          22          6
          22          23          3
          22          36         21
          22          40         11
          22          44         12
          22          45         22
          22          46         21
          22          47         36
          22          48         15
          22          65         28
          22          66        160
          22          69         22
          22         205         21
          23          16          5
          23          18         92
          23          19         27
          23          22         81
          23          23        144
          23          25         29
          23          37          5
          23          42         24
          23          48         24
          23          52        161
          23          97         13
          24          15         35
          24          22          5
          24          24        109
          24          25         46
          24          26         11
          24          36        126
          24          52         32
          24          53        165
          24          65        131
          24          66         11
          24          69         55
          24          76         15
          25          14         64
          25          15        142
          25          16         29
          25          25         66
          25          26         47
          25          29         24
          25          34         18
          25          35        109
          25          36         78
          25          37         28
          25          59          7
          25          67         37
          25          68          7
          26           9          8
          26          14         93
          26          15         24
          26          16          8
          26          24         24
          26          25          3
          26          26        108
          26          29         32
          26          31         15
          26          34          6
          26          35         15
          26          36         16
          26          48         13
          26          67         19
          27          76         43
          28          26         29
          28          29         30
          28          35         36
          28          36         21
          28          65         20
          29          31         11
          30          80         20
          31          12         15
          34          14         60
          34          15         21
          34          25         47
          34          26        109
          34          29         15
          34          34         39
          34          36         52
          34          37         41
          34          48          6
          34          56         42
          34          59         48
          34          62          7
          34          64         57
          34          66         37
          34          67         21
          35          15         16
          35          26         29
          35          34        115
          35          36         41
          35          55         18
          35          59        128
          35          66         20
          35          70         18
          35          95         29
          36          15         18
          36          25         15
          36          34         13
          36          35         22
          36          36         23
          36          37         54
          36          48         24
          36          51          7
          36          52         34
          36          62         26
          36          86         19
          36         211         16
          37          34         23
          37          37         52
          37          38         17
          37          39         44
          37          42        104
          37          52         48
          37          55         36
          37          57         33
          37          62         36
          37          66         23
          37          68         30
          37          91         15
          38          19         51
          38          36         50
          38          37         24
          38          40         26
          38          43         33
          38          48        115
          38          65         31
          38          66         31
          38          67         27
          38          68         38
          38          70         24
          38          91         17
          38          93         13
          38         268         13
          38         283         20
          39           6         38
          39          23         14
          39          24         16
          39          37         78
          39          39         39
          39          47         18
          39          48         15
          39          50         77
          39          56         16
          40          20         18
          40          21         10
          40          23         13
          40          24         25
          40          39         18
          40          40         24
          40          42         97
          40          43         10
          40          45         19
          40          46          4
          40          47         95
          40          48         41
          40          50         24
          40          66         67
          40          70          5
          40          71         48
          40          99         10
          41          21         14
          41          22         22
          41          23         43
          41          38         74
          41          40        111
          41          41         64
          41          42         80
          41          43         58
          41          46         16
          41          47          9
          41          48         26
          41          50          7
          41          70         43
          41         105         16
          41         205         41
          41         206         13
          41         270         16
          42          42         47
          42          43         90
          42          45        168
          42          47         25
          42          48         24
          42          58         12
          42          59         29
          42          66          3
          42          69         89
          42         206         22
          43          21         15
          43          23         17
          43          42         77
          43          43         59
          43          44         82
          43          45        120
          43          46         49
          43          48         34
          43          70         44
          43          99         15
          43         206         13
          44          20         13
          44          43         16
          44          45         43
          44          70          3
          44         186          3
          44         188         19
          44         205        103
          44         274         27
          45          41         16
          45          43         63
          45          45        173
          45          46         21
          45          49         34
          45          59          6
          45          70         23
          45          71         51
          45          93         16
          45         214          9
          46          34         68
          46          35          5
          46          38         50
          46          41         35
          46          42         22
          46          43         28
          46          45         20
          46          47         81
          46          49         14
          46          64         19
          46          69        103
          46          70          7
          46          74         29
          46         186         10
          47          35          5
          47          38         23
          47          40         18
          47          43         14
          47          45         17
          47          47         21
          47          48         25
          47          52         22
          47          66         15
          47          70         26
          47          73         20
          47          75         63
          48          20         20
          48          43         20
          48          47         27
          48          48         29
          48          52         22
          48          62         19
          48          69         51
          48          95         16
          49          48          6
          49          53         33
          50          36         71
          50          38         68
          50          39         59
          50          43         28
          50          45         21
          50          48          5
          50          49         50
          50          53         56
          50          58         22
          50          66          5
          50          70         14
          50          78         21
          50          90         21
          50         211         26
          51          25         13
          51          42         13
          51          43         28
          51          49         32
          51          51         53
          51          65          5
          51          66          3
          51          67         18
          51          69         40
          51          70         79
          52          25          4
          52          36         42
          52          37         40
          52          53         40
          52          55         19
          52          65         12
          52          67          8
          52          68         24
          53          43         28
          53          52         27
          53          53         79
          53          55         18
          53          67         26
          54          36         27
          54          38          3
          54          53          4
          54          55          4
          54          59         45
          54          60         77
          54          65         33
          54          66         35
          54          67          8
          54          77         13
          54          78        166
          55          55        100
          55          57         26
          55          59         28
          55          64         71
          55          65          7
          55          66         18
          55          77         32
          55          79         37
          55          89         15
          55          97          4
          56          36         21
          56          59        188
          56          66         38
          56          89         21
          57          37         63
          57          48         21
          57          53         16
          57          54         26
          57          55          4
          57          56          3
          57          57         22
          57          59         20
          57          65         49
          57          66         34
          57          86         19
          57          91         14
          58          34         15
          58          35          4
          58          37         11
          58          53         70
          58          59          9
          58          63          8
          58          64         27
          58          70          4
          59          37          5
          59          57         37
          59          58          3
          59          59         57
          59          61         47
          59          80         22
          60          53         12
          60          60         14
          60          61        112
          60          62         25
          60          79         25
          60          80         26
          60          82         37
          61           9         13
          61          42         19
          61          59         95
          61          64         54
          61          65         13
          61          66         12
          61          80         64
          61          90         13
          62          34          7
          62          36         22
          62          46         25
          62          58         70
          62          59         45
          62          60         51
          62          61         47
          62          62         79
          62          63         16
          62          64         22
          62          80         19
          62          82          9
          62         121         14
          63          62         77
          63          63         74
          63          64          9
          63          65         33
          63          66         48
          63          67         31
          63          69         24
          63          83         52
          64          58         27
          64          59         85
          64          61         27
          64          63         49
          64          64         98
          64          65         68
          64          66         92
          64          76        193
          64          78         32
          64          79         13
          64          80         52
          64          90         96
          65          38         23
          65          43         15
          65          56          3
          65          57         57
          65          58          6
          65          59          8
          65          62         35
          65          64         19
          65          65         26
          65          66        277
          65          67         63
          65          75         30
          65          78        201
          65          98         28
          65          99          4
          66          36         51
          66          37         37
          66          57         58
          66          59        109
          66          60         13
          66          61          9
          66          65        137
          66          66        319
          66          67         26
          66          76         35
          66          77         48
          66          90         22
          67           2         14
          67          38          4
          67          39         16
          67          55         18
          67          59          5
          67          62          8
          67          66        123
          67          67        457
          67          68         58
          67          69         89
          67          70         21
          67          75          8
          67          76         26
          67          97          9
          68          45         14
          68          47          4
          68          49          4
          68          52          3
          68          61         15
          68          64         12
          68          66          4
          68          67         87
          68          68         20
          68          70        100
          68          71         31
          68          84          5
          68          92         30
          68          98          3
          69          22         21
          69          53          4
          69          66         14
          69          69        202
          69          70        147
          69          71          4
          69          73         57
          69          75         17
          69          76         16
          69         173         27
          70          45          8
          70          50         14
          70          69         12
          70          71         17
          70          73         79
          70          96         32
          70         206         25
          71          40         20
          71          43         18
          71          44         36
          71          45         39
          71          46         28
          71          47          7
          71          48         24
          71          66         33
          71          69         13
          71          70         30
          71          71         54
          71          72        189
          71          73         39
          71          94         44
          71         173         34
          71         188         45
          71         189         22
          72          43         21
          72          44         38
          72          46         33
          72          50         21
          72          69          3
          72          70         47
          72          71         25
          72          72        177
          72          73         78
          72          90         23
          72          93          4
          72          94        116
          72          95        245
          72         173         29
          72         186        201
          72         188         11
          73          46        105
          73          69         45
          73          72         62
          73          73         39
          73          90         24
          73          94         41
          73          95        173
          73         187         43
          74          43          4
          74          66          4
          74          69          8
          74          72         16
          74          73          8
          74          74         72
          74          91         54
          74          92          3
          74          93          3
          75          48          7
          75          54          4
          75          66         96
          75          67        208
          75          68         31
          75          69         22
          75          70          4
          75          74          4
          75          75         45
          75          77         35
          75          96         29
          75          98         55
          76          53          4
          76          67         96
          76          76         40
          76          91          8
          76          98         31
          77          17         31
          77          53         31
          77          59         34
          77          65         34
          77          66        148
          77          67          9
          77          76        100
          77          77        181
          77          78         23
          77          79          6
          77          90         63
          77          93          7
          77          98        162
          77         112         13
          77         120         43
          77         186          5
          77         243         20
          78          64          6
          78          66         12
          78          77         23
          78          78         51
          78          80        143
          78          82         18
          78          84         69
          78          86         10
          78          89          9
          78          90        113
          79          15         44
          79          58         80
          79          63         21
          79          66         21
          79          77        117
          79          79        120
          79          80         36
          79          83         30
          79          84         28
          79          90         43
          80          37          8
          80          62         17
          80          66         10
          80          80         43
          80          84         12
          80         202         17
          81          26          4
          81          81         48
          82          62         12
          82          80         23
          82          86         52
          82          90         45
          84          65         41
          84          66         46
          84          67         43
          84          77         20
          84          78         17
          84          79         57
          84          80         23
          84          82         15
          84          83         58
          84          84         20
          84          86         32
          84          87         13
          84          89         49
          84          98         29
          87         110         19
          89          59         53
          89          61         47
          89          67          8
          89          79         38
          89          84         32
          89          85         58
          89          86         31
          89          87         30
          89          89        426
          89          90         48
          89          95         24
          89          98         45
          89         110          9
          90          53          3
          90          55         37
          90          59         53
          90          66         44
          90          67          7
          90          77        109
          90          78         19
          90          79         48
          90          86         52
          90          89        231
          90          90         13
          90          91         22
          90          93         32
          90          98         51
          90         100          3
          90         204          3
          91          55         28
          91          76          4
          91          79          4
          91          86          4
          91          91          4
          91          98         31
          92          43          4
          92          69        132
          92          72         16
          92          76         40
          92          92         54
          92          93         13
          92          98        410
          93          65         19
          93          72        206
          93          73         29
          93          74         61
          93          77          7
          93          93        139
          93          94         35
          93          95        296
          93          96         61
          93          97         25
          93          98         81
          93         103          4
          94          72          9
          94          73         30
          94          93          3
          94          94        209
          94          95         88
          94          96         15
          94         104          8
          94         170         12
          94         285          3
          95          94         23
          95          95         59
          95          96          3
          95          98          3
          95         101        127
          95         104         26
          95         107          4
          95         147         19
          95         171         74
          95         173          6
          96          67          3
          96          73          4
          96          75         67
          96          93          4
          96          94          4
          96          95        136
          96          96         31
          96          97        160
          96          98         19
          96         101          8
          96         102         31
          96         103          9
          97          93         26
          97          95          5
          97          97        112
          97          98          4
          97         101         27
          97         186          5
          98          76         39
          98          79         29
          98          86         17
          98          96          8
          98          98         67
          98          99          4
          98         119         50
          98         120         50
          99          77         57
          99          89        123
          99          90          8
          99          98        272
          99          99         32
          99         101          4
          99         102          7
          99         110         88
          99         121         57
         100          97        166
         100          98         25
         100          99          4
         100         101         23
         100         108         31
         101          43         22
         101          90         24
         101          97         27
         101          98         47
         101         100          4
         101         101          8
         101         102          4
         101         105         56
         101         108          9
         102          95         25
         102          96         62
         102          97         66
         102          98         28
         102         101         46
         102         115          6
         103          93         21
         103          95          3
         103          96          7
         103         101          6
         103         104        120
         103         105          3
         103         107          8
         103         167          3
         104          97          4
         104         101         92
         104         104        407
         105          76          7
         105         101        153
         105         103         47
         105         104          7
         105         105         54
         105         106        164
         105         108          4
         105         115         26
         105         120         71
         105         165        131
         105         166        166
         106          61         13
         106         105         21
         106         106         99
         106         107         68
         106         113          4
         106         115         19
         106         120         54
         107          97         32
         107         100          8
         107         105          4
         107         106         26
         107         107          7
         107         113         12
         107         115          4
         107         120          4
         107         285         49
         108          36         76
         108          97         27
         108          98         28
         108         106          4
         108         107         11
         108         108         31
         108         109         10
         109          55         37
         109         107          5
         109         108        234
         109         109        111
         109         114         25
         109         120         80
         109         146          6
         110          89         70
         110         109         10
         110         110        148
         112          86         13
         113         109         41
         113         110        131
         113         112         16
         113         113         57
         113         114          9
         113         115         69
         113         120         44
         113         121          3
         113         285          3
         114         106         59
         114         107         11
         114         109        233
         114         112          6
         114         113         49
         114         114         41
         114         116         79
         114         118          6
         114         120         30
         115         109         24
         115         113         41
         115         114         26
         115         115          5
         115         120         49
         115         125         30
         115         309         12
         116          67          3
         116         106         13
         116         116          3
         116         117          4
         116         118         13
         116         119         20
         116         120         45
         117         106         14
         117         117          9
         117         120         23
         117         125         11
         117         146         30
         117         187         38
         118         117          7
         118         118         14
         118         119          5
         118         120         79
         118         125         44
         118         126          8
         119         107        142
         119         113         14
         119         117         33
         119         118         48
         119         119         62
         119         120        474
         119         122         25
         119         125         14
         119         285         53
         120         117         13
         120         120        128
         120         122        136
         120         125         89
         121         113         37
         121         285          3
         122         119         10
         122         120        101
         122         122         93
         122         123         33
         122         124         42
         122         317         19
         123         122          8
         123         123         11
         123         125         36
         123         127          7
         124          59         31
         124         120        143
         124         123         38
         124         124         57
         124         125         38
         124         287         19
         124         316          6
         125         119        122
         125         120        196
         125         122          5
         125         123         37
         125         124         64
         125         125        198
         125         146         19
         126         120         11
         126         123         21
         126         124         22
         126         125         79
         127         123          7
         127         124         13
         127         127        154
         128         123         62
         128         128         76
         128         341         74
         129         123          7
         129         129         68
         130         130         21
         130         145         30
         130         318         43
         133         133         14
         134         133          6
         134         135         34
         137         137         19
         139         139         17
         140         131          6
         142         142         18
         143         124         17
         143         132          6
         143         142          5
         143         143         17
         143         149         17
         145         106          4
         145         145         45
         145         146         32
         145         147          8
         146         120          5
         146         146         16
         147         106          3
         147         147         19
         147         148        134
         147         165         23
         147         173          3
         147         285          3
         148         129         11
         148         140          4
         148         147         32
         148         162          4
         148         163         11
         148         165        130
         149         145        129
         149         146         25
         149         150         31
         150         162          4
         150         164          8
         150         176          4
         150         208         25
         152         149         31
         152         151         24
         154         416          6
         155         415         11
         158         178         29
         161         177         24
         162         163         15
         162         165         15
         163         420          5
         164         148         10
         164         164        131
         164         165         41
         164         181        113
         165         104         12
         165         120         56
         165         163          8
         165         164         12
         165         165         48
         166         105         73
         166         165          6
         166         166        241
         167          43          5
         167          64          5
         167          94         14
         167          95          7
         167          96          7
         167         165          7
         167         167         30
         167         170         20
         169          94         34
         169         168          4
         169         169         48
         169         170         80
         169         173         44
         169         175         30
         169         186         53
         169         188         13
         169         189         46
         170         106         25
         170         165         32
         170         166          3
         170         167          4
         170         169        166
         170         170        101
         170         186         47
         171         165         51
         171         169         23
         171         171         19
         171         172          6
         172          72         10
         172         173         28
         173          40         33
         173         169        115
         173         170         80
         173         171         17
         173         172          7
         173         173        130
         173         174         39
         173         175         18
         173         184         19
         173         186         79
         173         197         19
         173         203         12
         173         219         27
         174         174         23
         175         101          9
         175         169          9
         175         173         20
         175         175         15
         175         185          6
         176          97          5
         176         172         11
         177          70         17
         177         161         71
         177         175         23
         177         178         10
         177         183         56
         178         158         29
         178         183         44
         179         178         44
         179         179         43
         179         181         20
         181         194         17
         182         179         32
         182         181        143
         182         182          7
         183         182         73
         183         183         44
         183         394         19
         184         173         56
         184         174         24
         184         183         71
         185         185         15
         185         186         18
         185         189        235
         185         191         78
         186          73          9
         186         173         18
         186         186         53
         186         188         42
         187          45          8
         187          69          7
         187          71         22
         187          94          4
         187         173         33
         187         186         11
         187         187         45
         187         203         45
         188          43         23
         188          46        104
         188          63         19
         188         186          9
         188         188         62
         188         189         26
         188         203         33
         188         204         16
         188         205         23
         189         186          6
         190         201         34
         193         182         80
         193         193        100
         193         440         14
         195         192         20
         195         195         74
         195         196          7
         195         197         14
         196         195         12
         196         196         41
         196         197         50
         196         201          7
         196         213         30
         196         214         24
         196         227         27
         197          46         27
         197         197        101
         197         200         21
         197         201          5
         197         211         12
         197         212         78
         197         213         22
         197         214          9
         197         215         10
         198         197         86
         199         208          8
         199         213         12
         200         188          5
         200         192          7
         200         199         20
         200         200          6
         200         211         33
         201          37          7
         201         184          8
         201         185         23
         201         191          8
         201         200         61
         201         208          9
         201         209         20
         201         210         69
         201         211         28
         201         216          7
         202          33          6
         202          44         41
         202          45         18
         202         173         26
         202         186         33
         202         189          7
         202         200         41
         202         201         54
         202         202         92
         202         203         22
         202         204         82
         202         208         19
         203          44         68
         203          45          9
         203         188         93
         203         203         12
         203         204        187
         203         205        124
         203         208         28
         204          43         22
         204          45         15
         204          67         17
         204          72          8
         204         203         28
         204         204         68
         204         205         21
         204         207         51
         204         208         35
         204         283         86
         205          19         20
         205          21         14
         205          45         25
         205          72         20
         205         205         27
         205         206         54
         205         283          9
         206         206        257
         207         204         51
         209         189         41
         209         201         67
         209         202         66
         209         204         48
         209         208         70
         209         209         14
         209         216         80
         209         217         13
         209         283         18
         210         177         29
         210         189          8
         210         191          6
         210         208          9
         210         209         48
         210         210        142
         210         211        152
         210         212         41
         210         213         21
         210         217         44
         211          21          8
         211          77         16
         211         195         44
         211         200        140
         211         204         36
         211         205          3
         211         209         26
         211         210        169
         211         211        583
         211         213         63
         211         215        106
         212         200         11
         212         209         53
         212         211         90
         212         212         11
         212         215        114
         213         196        172
         213         197          5
         213         200          8
         213         213          9
         214         196         44
         214         214         15
         215         200         89
         215         210         21
         215         212         84
         215         227         39
         216         204         15
         216         208         13
         216         209         38
         216         211         42
         216         212        102
         216         216        214
         216         217         51
         216         218         10
         216         220         24
         216         283         46
         216         284         10
         217         173          9
         217         200         21
         217         207         21
         217         208         35
         217         210          9
         217         216         49
         217         217         91
         217         218          5
         217         284         22
         218         218         13
         219         217         11
         219         225        106
         220         217         46
         220         220         25
         222         218          6
         222         222         68
         223         222         19
         223         223        315
         223         225        107
         223         243          9
         225         225         12
         225         485         12
         226         226         29
         226         237         14
         227         214         63
         227         227         34
         228         195         45
         228         228         16
         230         230        138
         234         239         15
         236         236         64
         237         225         15
         237         237        115
         238         225         24
         238         231         24
         238         238         15
         239         235         53
         239         239         12
         241         224         32
         241         238         30
         241         241        107
         241         242         34
         242         225        120
         242         236         31
         242         238         71
         243         223         10
         243         242         26
         243         243         57
         244         243          5
         244         245         19
         244         528         58
         245         244         15
         245         246         62
         245         506         62
         245         526         15
         245         528         37
         247         528         61
         248         260         10
         249         249         94
         249         250         25
         249         260        230
         250         120         69
         250         249         80
         250         250        355
         250         257          5
         250         258          4
         251           1          9
         251         250         12
         251         251         74
         251         252         44
         251         254          8
         251         275          7
         252           1         21
         252           2         10
         252         252         60
         252         253        282
         252         254         17
         252         256         60
         252         540         13
         253           1          9
         253           2         57
         253         252          3
         253         253        129
         253         254         70
         253         271         20
         253         539          4
         253         540         95
         253         541          3
         254           2          8
         254         253        108
         254         254        156
         254         255         11
         254         267          4
         255           1         59
         255           2          5
         255         253         96
         255         254        133
         255         255         39
         255         256         63
         255         265         64
         255         270         19
         256         252         63
         256         253          5
         256         256        115
         256         257         18
         256         265          7
         256         282         20
         257           1          9
         257           2         50
         257          70          5
         257         250         28
         257         254         35
         257         256         22
         257         257        138
         257         265         75
         257         266          8
         257         269         36
         257         270        159
         258         249          5
         258         251         22
         258         255          3
         258         258        158
         258         259          7
         258         264         40
         258         265          4
         258         276         12
         259         250          3
         259         258         41
         259         262         16
         259         263         17
         262         263         20
         263          36         18
         263         263         67
         263         264         14
         263         265         31
         263         276         29
         263         277         26
         263         279         10
         263         280         20
         264         258         75
         264         263         14
         264         264        148
         264         276          5
         265         258          3
         265         264          4
         265         265          5
         265         269         36
         265         277          3
         266           1         13
         266           3         17
         266           6         25
         266          55         29
         266         254         48
         266         257          7
         266         264          5
         266         265         51
         266         266        208
         266         270         72
         267           1          8
         267           4          4
         267           9         15
         267         267         58
         267         270         12
         267         271          9
         267         277          8
         267         278         28
         268           4         37
         268          16         74
         268         270         35
         268         271         51
         268         272          8
         269           1         13
         269         254         13
         269         266         23
         269         269        143
         269         270         94
         269         273         55
         270           1          4
         270          15          4
         270         266        105
         270         268         78
         270         270        337
         270         271         83
         270         277         22
         270         280          4
         271          14         56
         271          16         24
         271          63         35
         271         266         25
         271         268          9
         271         269          4
         271         270         19
         271         271         32
         271         272        104
         271         273         13
         271         277          9
         271         278          4
         271         280        123
         272          19         32
         272         264          4
         272         267          7
         272         269         54
         272         270        122
         272         272         78
         272         273         31
         272         277         12
         272         282         52
         272         283          4
         273          46         18
         273         270         40
         273         272         17
         273         274         35
         273         277         11
         273         279          7
         274         274         74
         274         276          9
         274         277          7
         274         278          7
         275         264         64
         275         275         14
         276         273        107
         276         274         98
         276         275         10
         276         280         13
         276         281         92
         277         269          4
         277         274         11
         277         277        165
         277         278          6
         277         279         57
         278          26          3
         278         264         13
         278         272        177
         278         277        320
         278         278         12
         278         280         27
         279          14         16
         279         277         36
         279         279         37
         279         280         13
         279         282          4
         280          76         13
         280         258          7
         280         273        109
         280         277         11
         280         282         58
         281         277         77
         281         281         81
         282          19         20
         282         263        111
         282         277         16
         282         278         13
         282         280         71
         282         281         24
         282         282        108
         284         283         14
         285         112         48
         285         120         41
         285         121         84
         285         169          3
         285         285        120
         285         286         41
         285         303         17
         286         285         39
         286         286         88
         286         287         75
         286         288         13
         287         111         64
         287         285         10
         287         286         43
         287         287         63
         287         288        127
         287         289         34
         288         287         56
         288         288        115
         288         301         22
         289         287         22
         289         290         97
         290         290        217
         293         290         22
         293         294         63
         294         290         39
         294         294        121
         294         295        226
         295         290         91
         295         294          4
         295         295         34
         297         297         56
         297         309         24
         298         297         12
         298         298         42
         301         120         20
         301         285         27
         301         288         11
         301         301          6
         301         302         21
         302         120          7
         302         303         13
         303         304         14
         305         313         26
         305         317         30
         305         318         30
         306         304          7
         306         306         15
         306         313         14
         306         314         37
         306         315         16
         306         320          6
         307         306         62
         307         307         21
         307         315         56
         307         322         17
         309         309         22
         312         329         14
         313         313        143
         313         314         66
         313         315         34
         313         322         44
         314         314         40
         315         305         17
         315         306          7
         315         314         31
         315         315         23
         316         120          5
         316         125         11
         316         316        180
         316         317        180
         317         120         31
         317         127          7
         317         305         11
         319         344         43
         320         320          8
         321         320         10
         321         321         12
         322         314         15
         322         321          6
         324         324         36
         324         325         11
         325         325         11
         325         326         29
         325         335         23
         326         325         32
         328         329         27
         329         329         27
         330         330         15
         332         333        121
         332         336        121
         333         333         34
         333         335          7
         334         335         25
         335         325         11
         335         335         26
         335         336         11
         336         335         30
         337         337         42
         337         338         20
         338         320          5
         339         320         16
         342         348         75
         343         142          6
         343         343         47
         343         348         23
         344         343         20
         347         347         73
         350         350         40
         351         350         72
         363         364         85
         363         366          9
         366         366         30
         366         368         41
         368         361         23
         368         366         41
         368         368         15
         368         383        104
         370         370          4
         373         373         19
         373         376         19
         382         383         20
         382         384         43
         383         383         41
         383         384         29
         384         384         29
         390         390         19
         391         391         29
         394         399         15
         397         398         17
         397         412         27
         398         391         80
         400         400         85
         403         403         68
         405         405         68
         406         406         16
         409         408         25
         410         414         20
         412          59         15
         412         412         20
         412         416          5
         413         416         17
         413         419         37
         413         422         66
         414         410         34
         414         414          7
         414         416        188
         415         155         46
         416         416        100
         420         394        179
         420         416          6
         422         179          7
         424         440         22
         425         425         11
         426         440         17
         427         427         29
         427         428         34
         427         429         12
         427         436          6
         427         440        108
         428         427         24
         428         436         30
         429         436        153
         430         430        132
         430         431        124
         431         430         60
         431         431          9
         432         432          5
         432         433         65
         432         434         11
         433         445         38
         435         435         26
         435         438         33
         437         437          5
         438         195          5
         438         434         11
         438         438         45
         439         427         24
         439         436        231
         439         439         34
         439         442         20
         439         443         19
         439         452         20
         440         440          9
         441         441         31
         442         438         23
         442         439         83
         442         442         17
         442         443         87
         442         444         15
         442         450         23
         443          55         20
         443         435         24
         443         438         43
         443         443         74
         443         444         67
         443         450         86
         443         452         33
         444         438         20
         444         444         16
         445         394         58
         446         414          4
         446         433         26
         446         446          8
         447         452         27
         447         453         12
         448         438         10
         448         443         15
         448         444         27
         448         450         54
         448         458         20
         450         438         84
         450         441         21
         450         442         37
         450         443         69
         450         444         19
         450         451         73
         450         452        111
         450         454         20
         450         457         38
         452         439         19
         452         442         84
         452         443         19
         452         444         59
         452         450         14
         452         451         10
         452         452         45
         452         453         93
         452         454         51
         453         443         51
         453         452         21
         454         441          6
         454         443         30
         454         451         43
         454         452         35
         454         454         54
         454         455         59
         455          80          5
         455         456         61
         456         442         22
         456         444         12
         456         452         90
         456         453         84
         456         457         33
         456         463         30
         457         457         70
         457         462         70
         457         463          8
         458         444         38
         460         460         26
         460         461         33
         460         469         17
         460         470          7
         461         461          3
         461         469         77
         462         463          6
         462         469         50
         463         450         25
         463         462         25
         463         463        115
         463         464         30
         463         465         23
         464         464         73
         464         468          8
         465         463         31
         467         462         24
         467         467        112
         467         481          5
         468         460         44
         468         468        104
         469         461         27
         469         469         19
         470         470         17
         471         469          8
         472         472         55
         476         475         23
         476         478         16
         477         477          9
         478         468         19
         478         481         37
         479         481         21
         480         480         11
         480         588          7
         481         481        166
         482         480         13
         482         482         26
         482         484          8
         483         466         18
         483         481         73
         483         483         18
         484         481         15
         484         482        141
         484         484         12
         485         485         11
         485         503          4
         485         504         12
         487         487        124
         490         490        201
         490         498         16
         491         490         27
         491         491        163
         494         497         24
         496         511        112
         497         494          4
         497         497         12
         497         511          8
         497         516          8
         498         511         57
         499         499         59
         499         511          4
         501         502         29
         502         502         17
         504         234         23
         504         244          7
         504         504         21
         505         526         17
         506         504         35
         506         509         35
         507         507          4
         507         509         72
         509         509         42
         510         499          8
         510         510         13
         511         516          8
         512         495          4
         514         492         25
         514         514          6
         515         515         19
         515         554         13
         515         561          9
         516         511          8
         516         512          8
         518         203          9
         520         532         63
         520         545          5
         521         520         41
         521         521         77
         521         522         12
         523         520         22
         524         524         58
         524         531         40
         527         239          5
         527         243          8
         528         247          3
         528         528         10
         529         528         51
         531         531          7
         532         532          9
         534         534         17
         535         525         10
         535         535         10
         535         543          4
         536         528         18
         536         536         43
         537         249          7
         537         537        102
         538         249         22
         538         251         40
         538         258          5
         538         538         25
         539           2         16
         539         249         49
         539         252         10
         539         254         16
         539         507          8
         539         539         26
         540           2          6
         540         252         62
         540         253          8
         540         254         30
         540         539          7
         540         540         46
         540         541          8
         541         540          9
         541         541         69
         542         542         73
         543         532         18
         543         541         19
         543         543         52
         543         546         11
         544         541          6
         544         543         38
         544         544         58
         544         546          6
         545         509          7
         546         546         29
         546         554          8
         547         546          9
         550         546          6
         550         550          5
         553         552         20
         554         546          8
         555         554         19
         557         560         60
         559         555         71
         559         559          5
         559         560         40
         559         571          6
         560         495         38
         560         561        159
         560         566         29
         560         568         60
         563         563         26
         563         564          5
         564         564         65
         564         574         18
         566         564         55
         567         564         20
         568         560         15
         568         569         29
         569         570         19
         570         570        146
         570         571         16
         571         569          8
         571         570         54
         571         571         79
         572         572         22
         575         575         16
         579         581          5
         581         581         28
         585         484         18
         585         585        109
         586         586         46
         586         587        242
         587         595         13
         588         590         23
         589         589         12
         590         588         41
         590         590         14
         590         591         30
         591         591         64
         592         592         23
         592         599        127
         593         586          4
         593         593         30
         593         594          5
         594         594         77
         595         595        103
         596         595         12
         596         596         11
         597         597         45
         600         600        115
         600         608         44
         601         600         23
         601         601         92
         602         597          8
         602         603         13
         603         603          8
         606         601         85
         608         600         15
         608         608         86
         613         613         63
         617         617         16
         619         620         15
         620         576         32
         621         576         43
         621         613         33
        2121         430         42
        2121         432          4
        2139         433         22
        2139         434         16
        2364         468         10
        2366         470         16
        2398         591          9
        2427         608        175
        2454         609          8
        3605         335         26
        3630         371         88
        3643         290         24
        3643         295         10
        3643         297         28
