Fri Feb 28 2025 12:10:28 GMT-0500 (Eastern Standard Time) - Run Time: 3503ms

Cross Tabulation Query Form - Trip - 2022

Row: 2006 GTA zone of origin - gta06_orig
Column: 2006 GTA zone of destination - gta06_dest


Filters:
(Regional municipality of destination - region_dest In 1
and
2022 Trip purpose of destination - purp_dest2022 In 46
and
Primary travel mode of trip - mode_prime In C, O, E)

Trip 2022
ROW : gta06_orig
COLUMN : gta06_dest
  gta06_orig  gta06_dest      total
           6         254         57
           7           2         38
           7          82         32
           7         120          3
           9           7         38
           9          29         19
           9          47         60
          14          15         11
          14         120         24
          15           7         10
          15          14         17
          15          37         26
          16          14          3
          16          20          3
          16         225         37
          17          24          5
          17          64          4
          17          69         17
          17         104          6
          17         262          6
          17         270         22
          17         272          5
          18           2         21
          18         225         30
          19          20          3
          19          61          6
          19          67          4
          20          69          3
          21          15         23
          21          36         12
          21          42         20
          21          43        102
          21          44         42
          21          48          5
          21         187         30
          21         225        121
          21         272         23
          22          48         33
          22         260          5
          23          17          5
          23          43         42
          23          73          5
          24          22         15
          24          36         32
          24          41          5
          25          14         39
          25          50         14
          25          55         22
          25          56         19
          25          57         23
          25          69         26
          25          90         57
          25         270          5
          25         272         15
          26           2         10
          26           7         31
          26          38         10
          26          93         15
          26         254          9
          27         280         74
          28          11         36
          29           7         20
          29          11         18
          29          25         20
          29          81         16
          30          37         29
          30          53         16
          34          55         26
          34         254         18
          35         249          4
          36          48         12
          36          67          4
          36          90         12
          36          98         30
          36         108         13
          37          63         18
          37         272         15
          38           7          3
          38          36         22
          38          48         30
          38          67          4
          38         222         32
          39          50         18
          39          66         16
          39          79         18
          39         270          9
          40          35         20
          41           9         19
          41          81          8
          41          96         55
          41         270         17
          42          75         39
          42          98         33
          42         285         72
          43         200         56
          43         540          6
          44          55         14
          44          73         24
          45          55         22
          45          69         81
          46          74         26
          46         107         14
          46         286         40
          47          77         11
          47         106         14
          48          67          4
          48          77         29
          48         104         20
          49          69         52
          49          89         29
          50          69         24
          50         120         24
          51          16        103
          51          36         22
          51          45         51
          51          76         28
          52           9         25
          53          64          4
          53          66         19
          54          41          5
          54          58          5
          55           6          4
          55          36         60
          56         251         27
          57          24          3
          57          55          4
          58          62         23
          58         105         35
          59          90         15
          60          53         51
          61          66          5
          61          80        128
          61          81         33
          61         112         14
          62          57         18
          62          86         24
          62         112         14
          64          37          4
          64          76         37
          65          89         22
          65         266         55
          66          25          5
          66          69         26
          66          73         17
          66          89         15
          66         105         45
          67          52         67
          67          58         47
          67          62         14
          67          70         31
          67          73         59
          67          76         34
          67          80         11
          67          93         37
          67         103         21
          67         119         22
          67         285         18
          68          45          4
          68          66         51
          68          67         17
          68          76          5
          68          79         23
          69          76          5
          69          89         29
          70          64          3
          70          68          5
          71           7         41
          71          37          4
          71          66         36
          71          69         30
          71          74         13
          71          77          4
          71         120          5
          71         205         29
          71         222          4
          72          36          4
          72          44         38
          72          68          4
          72          71          6
          72          73         14
          72          94          5
          72         205          4
          73          46          8
          73          68         34
          73          73          5
          73          76         23
          73          98         17
          73         112         21
          74          45          4
          74          48          4
          74          68         23
          74          73          4
          74          76          4
          74          96         67
          74         271         92
          74         317          4
          75          16          4
          75          76          5
          75          97          4
          75         111         38
          76          40         37
          76          74         23
          77          16         29
          77          91         53
          77          98         25
          78          66         66
          78          95         28
          78         272         35
          79          84         62
          79         120         40
          80          45         18
          80          90         63
          80         546         19
          81          62          8
          81          81         62
          82          67         11
          82          79          3
          82         108          3
          82         170          3
          84          62         40
          84          79         25
          84         285         12
          88          86         10
          89          37         27
          89          65          3
          89          73         28
          89          79         17
          89          89         39
          89          93         38
          89          98         22
          89         225          5
          89         283         24
          89         285         20
          90          19         44
          90          22         20
          90          66          9
          90          75          3
          90          89         34
          90          95         20
          90         107         49
          90         112          4
          90         204        100
          91          25          4
          91          89          4
          91          91          4
          91          93          6
          92          97         19
          92         105          4
          93          57         53
          93          61         61
          93          66         38
          93          74          4
          93          97        106
          93         120          7
          94          45          3
          94          59         17
          94          68         79
          94          91          3
          94          94        128
          94         203          3
          95          84          3
          95          85         52
          95          86          3
          95         105         19
          95         108          6
          95         165         15
          95         225          5
          96          69         19
          96          76          8
          96         114         14
          96         286         71
          97          46         52
          97          52          4
          97          95          4
          98          70          4
          98          87         39
          98         102         26
          99          89          7
          99          94         28
          99          98         60
          99         108         57
         100          48          4
         100          98          4
         100         125         30
         101          89        107
         101         104        107
         101         120          9
         101         277          4
         102          86         28
         102          87         22
         102          98          4
         102         111         15
         102         120         67
         103          97         26
         103         105         62
         104          94          4
         104          97          4
         104          98         85
         105          37         31
         105          38          6
         105          72          4
         105          89         20
         105          93          4
         105         105          8
         106          97         32
         106         114         22
         106         130          4
         106         290         40
         107          69          4
         107          72         12
         107         105          4
         107         108          5
         107         147          4
         107         277         10
         108          25          4
         108          26         19
         108          46        102
         108          57          5
         108          69          4
         109          15          5
         109          91         28
         109          96          5
         109         108          8
         109         109          6
         109         113         37
         109         120         28
         109         165          8
         109         279          5
         109         286          5
         110           9         60
         110          59         25
         110          66         16
         110          86         20
         110         113          5
         110         120         52
         110         217         35
         113          63         19
         113         112         25
         113         113         38
         113         120         34
         113         371          3
         114          46         17
         114          97         25
         114         120         11
         115          76         30
         115          93         18
         115         278          8
         116          69          3
         116          98          3
         116         120         20
         116         121          4
         117         165         26
         119          89         42
         119         120         52
         119         125         33
         119         273         23
         120         107          3
         120         112          5
         120         120         98
         120         123         20
         122          62          5
         122          64         42
         122          82         10
         122         120          4
         124          73          7
         124         341         90
         125          30         16
         125          97          5
         125         106         11
         125         112          4
         125         113          4
         125         118         33
         125         120         16
         125         122         29
         125         125         56
         125         285         17
         126         108          9
         126         125         23
         126         279         12
         127         112          4
         127         121          7
         143         149         17
         145         146         48
         146         120         30
         146         149         25
         147          97          3
         148          97         24
         148         145          9
         148         166          4
         149         147          7
         150         176         40
         150         335         36
         164         103          4
         164         164         18
         164         165         67
         165         107         23
         165         347          3
         166         146         10
         167          73          4
         167         208          6
         168          21          6
         168          69         24
         169          64         22
         169          95          7
         169         166         24
         170          41          3
         170         106         25
         171         165         13
         171         170          8
         171         173          4
         172          46         14
         172         125         31
         172         165         23
         172         172          6
         172         173          6
         173          98          7
         174          96         15
         175         101          9
         175         170         22
         176         175         55
         177          94          6
         177         120         98
         179         209          8
         186          69         17
         186         204          5
         187          24         27
         187          74         17
         188          73         24
         188         208         36
         189         200         16
         190         211         19
         195         189          7
         195         197         14
         196         174          6
         196         196         41
         196         211         15
         196         225          9
         197         211         17
         198         213         10
         200         213          4
         201          62          6
         202          97         20
         202         283         24
         203          45          9
         203          61          9
         203         100          5
         203         217          6
         203         283          6
         204         191         26
         204         203          5
         204         204         20
         206         207        129
         207         206        129
         209           7         26
         209         161         18
         209         204         27
         209         206         41
         210         208         12
         210         217          4
         211          10         14
         211         165         40
         211         220         45
         211         452         15
         212         210         74
         212         217          7
         212         228         59
         212         416         21
         213         214          9
         214         225         10
         215          20         27
         216           7         10
         216         173          8
         216         200         13
         216         216         17
         216         225         25
         217         222          6
         218         222         13
         220         192         45
         222         284         11
         225         249         37
         230         230         19
         235          14          5
         244          70         20
         249          14          4
         249         253         20
         250         106         14
         251           7         29
         251         124          8
         251         264          7
         252         264          6
         253          64         14
         253         251         37
         253         253         24
         253         254         13
         253         270         16
         254         254         36
         254         257         36
         254         282         24
         255           7         27
         255          19          4
         255         278         15
         256          11          5
         256         250         14
         256         253         43
         257           7         23
         257          48         14
         257         124          6
         257         253         91
         257         254         60
         258           2         20
         258           7          6
         258          96          3
         258         120         16
         258         254         13
         258         264         15
         258         265         92
         258         280         51
         259         251          7
         259         264          7
         259         275         21
         262         263         56
         263         263         44
         264         263          3
         264         264          5
         264         270          6
         264         279          3
         265           7          3
         266           2         28
         268         270          4
         269           6          6
         269         266          5
         269         270          9
         270           2         84
         270          14         31
         270          44         83
         270          69          5
         271           2         92
         271           7          5
         271          24          6
         271          38         23
         271         541         25
         272           7          7
         272          98          4
         272         111         25
         273         272         73
         274         254          3
         277           6         57
         277         276          6
         278          52         88
         278         250         30
         280         277         47
         281          40         53
         281          95         15
         281         279         52
         282          26         31
         282          36         29
         282          96         31
         282         273         57
         282         282         29
         285           7          7
         285          62         15
         285          83         17
         285         112         27
         286          86         16
         286         120         14
         287         287         10
         288         288         10
         288         307         34
         289          99         63
         290          15         14
         290         112         55
         290         290         21
         290         295         21
         291         295         21
         295         290         21
         300         121         22
         301         307         18
         305         133          7
         306         142          6
         306         286         49
         307         335         34
         311         115          5
         315         286          7
         317          62         22
         317         295         60
         318         111         16
         322         329         31
         324         324         11
         330         322         15
         335         285         23
         335         323         26
         335         368          4
         339         347         31
         341         285          6
         342         345         31
         345         318         31
         347         348        146
         348         142          9
         365         365         19
         366         364         15
         366         366         15
         368         364          4
         368         372          7
         384         384         89
         425         416         20
         425         470          9
         428         436         15
         432         450          7
         438         389          6
         439         442          9
         442         440         13
         450         441         24
         452         225         15
         453         430         31
         455         442          4
         456         438         10
         463         463         25
         464         463         25
         465         209         18
         478         461          3
         485         261         33
         491         491         27
         496         494         60
         496         511        112
         499         625         10
         501         601        124
         507         507          4
         522         516         16
         538          28          5
         539         270         15
         542         530         10
         545         534          4
         546         523         12
         552         566         21
         560         571         14
         568         560         15
         568         570         14
         568         571         14
         568         575         11
         572         573         42
         575         576         27
         586         595         46
         587         587         10
         591         599          7
         592         594         35
         608         616         21
         622         621         64
         622         622         64
         623         552         22
        1033         371        165
        1035         570         11
        2072         388         34
        2124         446         48
        2142         421          4
        2362         463         17
        2398         599         76
        2411         625         32
        3367         335          6
        3655         295         25
        3669          82         20
        3681         295         14
        3682         335          8
        4166          68         32
        9998          81         12
